11111111111
19999999991
19999999991
19999999991
19999999991
19999999991
19999999991
19999999991
19999999991
11111111111
19999999991
19999999991
11111111111
19999999991
19999999991
19999999991
19999999991
19999999991
11111111111
19999999991
19999999991
19999999991
19999999991
19999999991
19999999991
19999999991
19999999991
19999999991
19999999991
11111111111
19999999991
19999999991
19999999991
19999999991
19999999991
19999999991
19999999991
19999999991
11111111111
19999999991
19999999991
19999999991
19999999991
19999999991
19999999991
19999999991
19999999991
19999999991
11111111111
